solver_type MCSVM_CS
nr_class 2
label 0 1
nr_feature 89
bias -1
w
0.1155183528688664 -0.1155183528688663 
0.1155183528688664 -0.1155183528688663 
0.1155183528688664 -0.1155183528688663 
0.1155183528688664 -0.1155183528688663 
0.1155183528688664 -0.1155183528688663 
0.01812705467545008 -0.01812705467545007 
0.1155183528688664 -0.1155183528688663 
0.1155183528688664 -0.1155183528688663 
0.1155183528688664 -0.1155183528688663 
0.1155183528688664 -0.1155183528688663 
0.1155183528688664 -0.1155183528688663 
0.1155183528688664 -0.1155183528688663 
0.1155183528688664 -0.1155183528688663 
0.1155183528688664 -0.1155183528688663 
0.1155183528688664 -0.1155183528688663 
0.1155183528688664 -0.1155183528688663 
0.01812705467545008 -0.01812705467545007 
0.1155183528688664 -0.1155183528688663 
0.1155183528688664 -0.1155183528688663 
0.1155183528688664 -0.1155183528688663 
0.1155183528688664 -0.1155183528688663 
0.1155183528688664 -0.1155183528688663 
0.1186859862172117 -0.1186859862172117 
0.1186859862172117 -0.1186859862172117 
0.1186859862172117 -0.1186859862172117 
0.1186859862172117 -0.1186859862172117 
0.1186859862172117 -0.1186859862172117 
0.1186859862172117 -0.1186859862172117 
0.1186859862172117 -0.1186859862172117 
0.1186859862172117 -0.1186859862172117 
0.1186859862172117 -0.1186859862172117 
0.1186859862172117 -0.1186859862172117 
0.1186859862172117 -0.1186859862172117 
0.1186859862172117 -0.1186859862172117 
0.1186859862172117 -0.1186859862172117 
0.1186859862172117 -0.1186859862172117 
0.1186859862172117 -0.1186859862172117 
0.1186859862172117 -0.1186859862172117 
0.1186859862172117 -0.1186859862172117 
0.1186859862172117 -0.1186859862172117 
0.1186859862172117 -0.1186859862172117 
-0.112999286893384 0.112999286893384 
-0.112999286893384 0.112999286893384 
-0.112999286893384 0.112999286893384 
-0.112999286893384 0.112999286893384 
-0.112999286893384 0.112999286893384 
-0.112999286893384 0.112999286893384 
-0.112999286893384 0.112999286893384 
-0.112999286893384 0.112999286893384 
-0.112999286893384 0.112999286893384 
-0.112999286893384 0.112999286893384 
-0.112999286893384 0.112999286893384 
-0.112999286893384 0.112999286893384 
-0.112999286893384 0.112999286893384 
-0.112999286893384 0.112999286893384 
-0.112999286893384 0.112999286893384 
-0.112999286893384 0.112999286893384 
-0.112999286893384 0.112999286893384 
-0.112999286893384 0.112999286893384 
-0.112999286893384 0.112999286893384 
-0.112999286893384 0.112999286893384 
-0.112999286893384 0.112999286893384 
-0.112999286893384 0.112999286893384 
-0.1030779975172439 0.1030779975172439 
-0.1030779975172439 0.1030779975172439 
-0.1030779975172439 0.1030779975172439 
-0.1030779975172439 0.1030779975172439 
-0.1030779975172439 0.1030779975172439 
-0.1030779975172439 0.1030779975172439 
-0.1030779975172439 0.1030779975172439 
-0.1030779975172439 0.1030779975172439 
-0.1030779975172439 0.1030779975172439 
-0.1030779975172439 0.1030779975172439 
-0.1030779975172439 0.1030779975172439 
-0.1030779975172439 0.1030779975172439 
-0.1030779975172439 0.1030779975172439 
-0.1030779975172439 0.1030779975172439 
-0.1030779975172439 0.1030779975172439 
-0.1030779975172439 0.1030779975172439 
-0.1030779975172439 0.1030779975172439 
-0.1030779975172439 0.1030779975172439 
-0.1030779975172439 0.1030779975172439 
-0.1030779975172439 0.1030779975172439 
-0.1030779975172439 0.1030779975172439 
-0.1030779975172439 0.1030779975172439 
-0.1030779975172439 0.1030779975172439 
-0.1030779975172439 0.1030779975172439 
-0.1030779975172439 0.1030779975172439 
-0.1030779975172439 0.1030779975172439 
